Source 2 5
Markov_Transistion_Chain [[0.18421053 0.07894737 0.07894737 0.10526316 0.15789474 0.15789474
  0.05263158 0.15789474 0.02631579]
 [0.02325581 0.13953488 0.09302326 0.09302326 0.18604651 0.06976744
  0.1627907  0.20930233 0.02325581]
 [0.18181818 0.13636364 0.06818182 0.18181818 0.02272727 0.09090909
  0.04545455 0.11363636 0.15909091]
 [0.09302326 0.13953488 0.02325581 0.18604651 0.11627907 0.1627907
  0.11627907 0.13953488 0.02325581]
 [0.12       0.18       0.1        0.06       0.14       0.1
  0.18       0.06       0.06      ]
 [0.16666667 0.13888889 0.02777778 0.16666667 0.02777778 0.02777778
  0.19444444 0.16666667 0.08333333]
 [0.18604651 0.04651163 0.09302326 0.11627907 0.11627907 0.1627907
  0.06976744 0.04651163 0.1627907 ]
 [0.25       0.19444444 0.05555556 0.02777778 0.05555556 0.16666667
  0.08333333 0.02777778 0.13888889]
 [0.09836066 0.04918033 0.14754098 0.14754098 0.09836066 0.13114754
  0.06557377 0.13114754 0.13114754]]
Markov_Transistion_Chain [[0.13513514 0.02702703 0.13513514 0.24324324 0.08108108 0.10810811
  0.08108108 0.16216216 0.02702703]
 [0.17948718 0.02564103 0.23076923 0.23076923 0.1025641  0.1025641
  0.07692308 0.02564103 0.02564103]
 [0.13043478 0.06521739 0.13043478 0.06521739 0.10869565 0.10869565
  0.10869565 0.08695652 0.19565217]
 [0.08163265 0.12244898 0.08163265 0.16326531 0.12244898 0.08163265
  0.14285714 0.04081633 0.16326531]
 [0.17647059 0.05882353 0.1372549  0.1372549  0.1372549  0.15686275
  0.07843137 0.09803922 0.01960784]
 [0.09756098 0.17073171 0.09756098 0.04878049 0.07317073 0.14634146
  0.02439024 0.12195122 0.2195122 ]
 [0.15217391 0.08695652 0.04347826 0.13043478 0.15217391 0.17391304
  0.13043478 0.06521739 0.06521739]
 [0.0625     0.02083333 0.04166667 0.14583333 0.0625     0.1875
  0.1875     0.16666667 0.125     ]
 [0.07692308 0.17307692 0.03846154 0.15384615 0.05769231 0.17307692
  0.15384615 0.05769231 0.11538462]]
Markov_Transistion_Chain [[0.17021277 0.10638298 0.12765957 0.14893617 0.04255319 0.12765957
  0.0212766  0.14893617 0.10638298]
 [0.04081633 0.14285714 0.08163265 0.10204082 0.12244898 0.16326531
  0.10204082 0.10204082 0.14285714]
 [0.07142857 0.11904762 0.14285714 0.04761905 0.04761905 0.14285714
  0.14285714 0.07142857 0.21428571]
 [0.02941176 0.05882353 0.02941176 0.11764706 0.23529412 0.02941176
  0.23529412 0.02941176 0.23529412]
 [0.04166667 0.1875     0.10416667 0.0625     0.125      0.16666667
  0.125      0.125      0.0625    ]
 [0.03030303 0.15151515 0.12121212 0.24242424 0.12121212 0.15151515
  0.03030303 0.12121212 0.03030303]
 [0.0625     0.21875    0.0625     0.1875     0.0625     0.0625
  0.28125    0.03125    0.03125   ]
 [0.16326531 0.12244898 0.16326531 0.12244898 0.04081633 0.04081633
  0.12244898 0.10204082 0.12244898]
 [0.11864407 0.01694915 0.15254237 0.13559322 0.13559322 0.15254237
  0.08474576 0.06779661 0.13559322]]
Markov_Transistion_Chain [[0.09090909 0.09090909 0.15909091 0.11363636 0.09090909 0.13636364
  0.20454545 0.09090909 0.02272727]
 [0.16981132 0.13207547 0.05660377 0.09433962 0.13207547 0.11320755
  0.1509434  0.11320755 0.03773585]
 [0.07142857 0.07142857 0.08928571 0.16071429 0.14285714 0.16071429
  0.10714286 0.07142857 0.125     ]
 [0.07692308 0.1025641  0.12820513 0.1025641  0.07692308 0.15384615
  0.23076923 0.02564103 0.1025641 ]
 [0.1025641  0.07692308 0.20512821 0.1025641  0.05128205 0.05128205
  0.05128205 0.17948718 0.17948718]
 [0.02173913 0.15217391 0.02173913 0.08695652 0.15217391 0.15217391
  0.06521739 0.19565217 0.15217391]
 [0.075      0.225      0.025      0.15       0.125      0.05
  0.2        0.125      0.025     ]
 [0.16666667 0.02380952 0.04761905 0.11904762 0.0952381  0.11904762
  0.19047619 0.16666667 0.07142857]
 [0.16363636 0.16363636 0.10909091 0.07272727 0.12727273 0.05454545
  0.07272727 0.12727273 0.10909091]]
Markov_Transistion_Chain [[0.14814815 0.01851852 0.16666667 0.14814815 0.09259259 0.01851852
  0.16666667 0.14814815 0.09259259]
 [0.04166667 0.16666667 0.125      0.125      0.08333333 0.10416667
  0.16666667 0.02083333 0.16666667]
 [0.16666667 0.16666667 0.11111111 0.09259259 0.05555556 0.11111111
  0.11111111 0.07407407 0.11111111]
 [0.06122449 0.08163265 0.18367347 0.18367347 0.16326531 0.02040816
  0.08163265 0.14285714 0.08163265]
 [0.05882353 0.02941176 0.26470588 0.02941176 0.08823529 0.20588235
  0.17647059 0.05882353 0.08823529]
 [0.02040816 0.18367347 0.12244898 0.18367347 0.14285714 0.04081633
  0.06122449 0.06122449 0.18367347]
 [0.08695652 0.04347826 0.02173913 0.15217391 0.08695652 0.17391304
  0.19565217 0.13043478 0.10869565]
 [0.20454545 0.06818182 0.13636364 0.15909091 0.09090909 0.02272727
  0.11363636 0.11363636 0.09090909]
 [0.07407407 0.16666667 0.07407407 0.07407407 0.14814815 0.14814815
  0.05555556 0.11111111 0.14814815]]
Markov_Transistion_Chain [[0.08823529 0.05882353 0.05882353 0.02941176 0.14705882 0.08823529
  0.11764706 0.14705882 0.26470588]
 [0.12244898 0.06122449 0.02040816 0.10204082 0.08163265 0.18367347
  0.14285714 0.16326531 0.12244898]
 [0.07142857 0.04761905 0.07142857 0.07142857 0.11904762 0.16666667
  0.21428571 0.16666667 0.07142857]
 [0.10526316 0.15789474 0.13157895 0.21052632 0.02631579 0.07894737
  0.05263158 0.18421053 0.05263158]
 [0.06382979 0.14893617 0.10638298 0.17021277 0.12765957 0.12765957
  0.10638298 0.10638298 0.04255319]
 [0.08333333 0.0625     0.16666667 0.125      0.14583333 0.14583333
  0.04166667 0.0625     0.16666667]
 [0.17857143 0.07142857 0.03571429 0.14285714 0.10714286 0.28571429
  0.07142857 0.03571429 0.07142857]
 [0.12244898 0.18367347 0.10204082 0.02040816 0.02040816 0.18367347
  0.16326531 0.06122449 0.14285714]
 [0.10810811 0.16216216 0.05405405 0.16216216 0.10810811 0.02702703
  0.24324324 0.08108108 0.05405405]]
Markov_Transistion_Chain [[0.03030303 0.03030303 0.12121212 0.09090909 0.09090909 0.24242424
  0.21212121 0.15151515 0.03030303]
 [0.13207547 0.05660377 0.05660377 0.16981132 0.0754717  0.13207547
  0.13207547 0.0754717  0.16981132]
 [0.14285714 0.16326531 0.06122449 0.12244898 0.04081633 0.10204082
  0.16326531 0.04081633 0.16326531]
 [0.04761905 0.04761905 0.21428571 0.07142857 0.11904762 0.19047619
  0.02380952 0.0952381  0.19047619]
 [0.06060606 0.03030303 0.06060606 0.18181818 0.12121212 0.15151515
  0.24242424 0.03030303 0.12121212]
 [0.02941176 0.05882353 0.05882353 0.23529412 0.26470588 0.11764706
  0.08823529 0.11764706 0.02941176]
 [0.04651163 0.11627907 0.04651163 0.18604651 0.20930233 0.09302326
  0.06976744 0.04651163 0.18604651]
 [0.14583333 0.04166667 0.14583333 0.08333333 0.1875     0.14583333
  0.02083333 0.16666667 0.0625    ]
 [0.05128205 0.07692308 0.12820513 0.17948718 0.15384615 0.1025641
  0.02564103 0.12820513 0.15384615]]
Markov_Transistion_Chain [[0.04918033 0.1147541  0.14754098 0.1147541  0.09836066 0.13114754
  0.14754098 0.13114754 0.06557377]
 [0.25806452 0.12903226 0.22580645 0.12903226 0.06451613 0.06451613
  0.06451613 0.03225806 0.03225806]
 [0.09433962 0.11320755 0.13207547 0.13207547 0.13207547 0.09433962
  0.1509434  0.13207547 0.01886792]
 [0.10526316 0.21052632 0.13157895 0.05263158 0.07894737 0.02631579
  0.07894737 0.13157895 0.18421053]
 [0.13157895 0.05263158 0.05263158 0.23684211 0.10526316 0.07894737
  0.02631579 0.13157895 0.18421053]
 [0.19148936 0.10638298 0.0212766  0.17021277 0.12765957 0.08510638
  0.19148936 0.04255319 0.06382979]
 [0.21621622 0.05405405 0.24324324 0.05405405 0.10810811 0.05405405
  0.13513514 0.10810811 0.02702703]
 [0.05128205 0.23076923 0.07692308 0.17948718 0.15384615 0.05128205
  0.02564103 0.20512821 0.02564103]
 [0.11111111 0.08888889 0.04444444 0.2        0.06666667 0.17777778
  0.15555556 0.11111111 0.04444444]]
Markov_Transistion_Chain [[0.04444444 0.11111111 0.04444444 0.17777778 0.13333333 0.15555556
  0.15555556 0.04444444 0.13333333]
 [0.125      0.05357143 0.08928571 0.07142857 0.14285714 0.16071429
  0.05357143 0.16071429 0.14285714]
 [0.15151515 0.03030303 0.03030303 0.21212121 0.03030303 0.09090909
  0.27272727 0.12121212 0.06060606]
 [0.18       0.08       0.12       0.04       0.16       0.14
  0.12       0.14       0.02      ]
 [0.02325581 0.04651163 0.18604651 0.04651163 0.1627907  0.04651163
  0.18604651 0.11627907 0.18604651]
 [0.1627907  0.06976744 0.13953488 0.13953488 0.09302326 0.02325581
  0.04651163 0.18604651 0.13953488]
 [0.07317073 0.07317073 0.2195122  0.02439024 0.17073171 0.09756098
  0.17073171 0.02439024 0.14634146]
 [0.12       0.18       0.02       0.14       0.14       0.14
  0.08       0.16       0.02      ]
 [0.19565217 0.08695652 0.13043478 0.02173913 0.13043478 0.04347826
  0.15217391 0.13043478 0.10869565]]
Markov_Transistion_Chain [[0.02777778 0.05555556 0.16666667 0.05555556 0.19444444 0.22222222
  0.08333333 0.02777778 0.16666667]
 [0.19512195 0.04878049 0.12195122 0.07317073 0.07317073 0.2195122
  0.02439024 0.17073171 0.07317073]
 [0.03125    0.03125    0.25       0.03125    0.03125    0.15625
  0.0625     0.15625    0.25      ]
 [0.10204082 0.14285714 0.12244898 0.18367347 0.08163265 0.10204082
  0.12244898 0.08163265 0.06122449]
 [0.02777778 0.02777778 0.05555556 0.13888889 0.19444444 0.11111111
  0.05555556 0.25       0.13888889]
 [0.05405405 0.21621622 0.10810811 0.08108108 0.10810811 0.13513514
  0.13513514 0.05405405 0.10810811]
 [0.15909091 0.11363636 0.02272727 0.06818182 0.02272727 0.13636364
  0.15909091 0.15909091 0.15909091]
 [0.09302326 0.20930233 0.11627907 0.04651163 0.04651163 0.13953488
  0.18604651 0.04651163 0.11627907]
 [0.125      0.16666667 0.14583333 0.125      0.08333333 0.02083333
  0.10416667 0.125      0.10416667]]
Markov_Transistion_Chain [[0.08333333 0.1875     0.04166667 0.1875     0.125      0.125
  0.04166667 0.0625     0.14583333]
 [0.05714286 0.17142857 0.25714286 0.02857143 0.2        0.02857143
  0.11428571 0.11428571 0.02857143]
 [0.11290323 0.11290323 0.12903226 0.09677419 0.12903226 0.08064516
  0.06451613 0.14516129 0.12903226]
 [0.08695652 0.06521739 0.06521739 0.15217391 0.19565217 0.04347826
  0.17391304 0.04347826 0.17391304]
 [0.06896552 0.12068966 0.15517241 0.0862069  0.12068966 0.15517241
  0.06896552 0.15517241 0.06896552]
 [0.17142857 0.05714286 0.14285714 0.11428571 0.02857143 0.14285714
  0.14285714 0.14285714 0.05714286]
 [0.05882353 0.09803922 0.17647059 0.1372549  0.09803922 0.15686275
  0.01960784 0.1372549  0.11764706]
 [0.13636364 0.02272727 0.15909091 0.04545455 0.09090909 0.15909091
  0.11363636 0.13636364 0.13636364]
 [0.04651163 0.09302326 0.09302326 0.09302326 0.13953488 0.06976744
  0.18604651 0.09302326 0.18604651]]
Markov_Transistion_Chain [[0.08333333 0.22222222 0.13888889 0.08333333 0.11111111 0.05555556
  0.13888889 0.02777778 0.13888889]
 [0.16666667 0.14583333 0.14583333 0.1875     0.02083333 0.0625
  0.16666667 0.02083333 0.08333333]
 [0.21621622 0.10810811 0.21621622 0.02702703 0.02702703 0.10810811
  0.05405405 0.02702703 0.21621622]
 [0.05128205 0.05128205 0.23076923 0.15384615 0.07692308 0.23076923
  0.12820513 0.02564103 0.05128205]
 [0.05128205 0.1025641  0.1025641  0.07692308 0.17948718 0.05128205
  0.07692308 0.15384615 0.20512821]
 [0.05263158 0.18421053 0.15789474 0.02631579 0.10526316 0.02631579
  0.21052632 0.07894737 0.15789474]
 [0.18       0.14       0.04       0.1        0.14       0.14
  0.1        0.1        0.06      ]
 [0.05714286 0.22857143 0.02857143 0.14285714 0.17142857 0.02857143
  0.05714286 0.17142857 0.11428571]
 [0.03030303 0.18181818 0.03030303 0.24242424 0.24242424 0.15151515
  0.06060606 0.03030303 0.03030303]]
Markov_Transistion_Chain [[0.11764706 0.1372549  0.05882353 0.03921569 0.15686275 0.17647059
  0.11764706 0.11764706 0.07843137]
 [0.08823529 0.10294118 0.11764706 0.13235294 0.08823529 0.10294118
  0.11764706 0.11764706 0.13235294]
 [0.11111111 0.08333333 0.02777778 0.25       0.11111111 0.19444444
  0.02777778 0.13888889 0.05555556]
 [0.16666667 0.125      0.1875     0.02083333 0.02083333 0.125
  0.02083333 0.1875     0.14583333]
 [0.02380952 0.19047619 0.0952381  0.04761905 0.21428571 0.04761905
  0.07142857 0.21428571 0.0952381 ]
 [0.04761905 0.16666667 0.11904762 0.11904762 0.02380952 0.04761905
  0.21428571 0.04761905 0.21428571]
 [0.16666667 0.0625     0.125      0.04166667 0.16666667 0.04166667
  0.1875     0.02083333 0.1875    ]
 [0.0212766  0.08510638 0.10638298 0.08510638 0.06382979 0.19148936
  0.19148936 0.10638298 0.14893617]
 [0.15789474 0.01754386 0.05263158 0.15789474 0.0877193  0.15789474
  0.07017544 0.15789474 0.14035088]]
Markov_Transistion_Chain [[0.02325581 0.09302326 0.18604651 0.13953488 0.13953488 0.1627907
  0.09302326 0.09302326 0.06976744]
 [0.22857143 0.02857143 0.02857143 0.05714286 0.11428571 0.14285714
  0.2        0.02857143 0.17142857]
 [0.23076923 0.05128205 0.05128205 0.07692308 0.12820513 0.05128205
  0.15384615 0.15384615 0.1025641 ]
 [0.06666667 0.17777778 0.04444444 0.06666667 0.06666667 0.15555556
  0.2        0.08888889 0.13333333]
 [0.1627907  0.1627907  0.09302326 0.02325581 0.04651163 0.13953488
  0.11627907 0.13953488 0.11627907]
 [0.11111111 0.19444444 0.08333333 0.02777778 0.02777778 0.25
  0.16666667 0.02777778 0.11111111]
 [0.04081633 0.10204082 0.02040816 0.18367347 0.14285714 0.18367347
  0.08163265 0.10204082 0.14285714]
 [0.04651163 0.06976744 0.02325581 0.13953488 0.02325581 0.20930233
  0.20930233 0.1627907  0.11627907]
 [0.1147541  0.08196721 0.13114754 0.06557377 0.09836066 0.14754098
  0.09836066 0.13114754 0.13114754]]
Markov_Transistion_Chain [[0.22580645 0.16129032 0.12903226 0.03225806 0.06451613 0.16129032
  0.09677419 0.06451613 0.06451613]
 [0.03636364 0.03636364 0.16363636 0.10909091 0.03636364 0.14545455
  0.16363636 0.14545455 0.16363636]
 [0.20930233 0.09302326 0.06976744 0.1627907  0.02325581 0.13953488
  0.11627907 0.06976744 0.11627907]
 [0.17307692 0.15384615 0.15384615 0.03846154 0.09615385 0.13461538
  0.03846154 0.07692308 0.13461538]
 [0.05172414 0.13793103 0.15517241 0.15517241 0.01724138 0.15517241
  0.12068966 0.15517241 0.05172414]
 [0.075      0.025      0.05       0.125      0.125      0.075
  0.225      0.15       0.15      ]
 [0.18604651 0.11627907 0.13953488 0.06976744 0.1627907  0.04651163
  0.11627907 0.02325581 0.13953488]
 [0.17021277 0.08510638 0.14893617 0.17021277 0.12765957 0.08510638
  0.10638298 0.04255319 0.06382979]
 [0.07272727 0.09090909 0.12727273 0.14545455 0.09090909 0.10909091
  0.09090909 0.10909091 0.16363636]]
Markov_Transistion_Chain [[0.16666667 0.1875     0.125      0.0625     0.0625     0.02083333
  0.16666667 0.125      0.08333333]
 [0.19512195 0.04878049 0.19512195 0.14634146 0.09756098 0.02439024
  0.04878049 0.04878049 0.19512195]
 [0.1        0.025      0.025      0.1        0.2        0.05
  0.15       0.15       0.2       ]
 [0.07272727 0.03636364 0.14545455 0.16363636 0.12727273 0.10909091
  0.16363636 0.03636364 0.14545455]
 [0.10204082 0.14285714 0.18367347 0.12244898 0.04081633 0.06122449
  0.16326531 0.10204082 0.08163265]
 [0.02040816 0.14285714 0.08163265 0.08163265 0.12244898 0.10204082
  0.14285714 0.18367347 0.12244898]
 [0.13953488 0.09302326 0.09302326 0.09302326 0.20930233 0.09302326
  0.18604651 0.04651163 0.04651163]
 [0.09090909 0.12727273 0.14545455 0.09090909 0.16363636 0.09090909
  0.09090909 0.10909091 0.09090909]
 [0.14       0.06       0.16       0.06       0.18       0.08
  0.02       0.12       0.18      ]]
Markov_Transistion_Chain [[0.09090909 0.13636364 0.11363636 0.18181818 0.09090909 0.02272727
  0.06818182 0.13636364 0.15909091]
 [0.14035088 0.10526316 0.12280702 0.01754386 0.15789474 0.14035088
  0.12280702 0.14035088 0.05263158]
 [0.05714286 0.02857143 0.02857143 0.25714286 0.05714286 0.11428571
  0.02857143 0.17142857 0.25714286]
 [0.15254237 0.08474576 0.13559322 0.10169492 0.05084746 0.13559322
  0.11864407 0.11864407 0.10169492]
 [0.125      0.15       0.175      0.025      0.05       0.1
  0.15       0.075      0.15      ]
 [0.18367347 0.08163265 0.18367347 0.06122449 0.02040816 0.16326531
  0.14285714 0.10204082 0.06122449]
 [0.08333333 0.16666667 0.02777778 0.25       0.08333333 0.08333333
  0.02777778 0.16666667 0.11111111]
 [0.25714286 0.08571429 0.11428571 0.14285714 0.11428571 0.02857143
  0.05714286 0.08571429 0.11428571]
 [0.18367347 0.02040816 0.14285714 0.06122449 0.12244898 0.10204082
  0.12244898 0.14285714 0.10204082]]
Markov_Transistion_Chain [[0.16071429 0.16071429 0.14285714 0.16071429 0.03571429 0.07142857
  0.10714286 0.01785714 0.14285714]
 [0.17073171 0.17073171 0.19512195 0.04878049 0.09756098 0.14634146
  0.02439024 0.12195122 0.02439024]
 [0.15151515 0.03030303 0.12121212 0.21212121 0.03030303 0.03030303
  0.27272727 0.06060606 0.09090909]
 [0.12903226 0.12903226 0.06451613 0.12903226 0.09677419 0.03225806
  0.22580645 0.06451613 0.12903226]
 [0.13888889 0.11111111 0.16666667 0.02777778 0.22222222 0.05555556
  0.08333333 0.11111111 0.08333333]
 [0.16666667 0.04761905 0.11904762 0.11904762 0.02380952 0.0952381
  0.0952381  0.19047619 0.14285714]
 [0.02222222 0.13333333 0.2        0.06666667 0.06666667 0.11111111
  0.11111111 0.13333333 0.15555556]
 [0.21428571 0.02380952 0.07142857 0.21428571 0.0952381  0.14285714
  0.0952381  0.0952381  0.04761905]
 [0.06666667 0.13333333 0.11111111 0.2        0.04444444 0.13333333
  0.08888889 0.2        0.02222222]]
Markov_Transistion_Chain [[0.05714286 0.02857143 0.17142857 0.08571429 0.14285714 0.17142857
  0.17142857 0.08571429 0.08571429]
 [0.12765957 0.0212766  0.06382979 0.19148936 0.06382979 0.0212766
  0.17021277 0.19148936 0.14893617]
 [0.125      0.125      0.125      0.08333333 0.04166667 0.0625
  0.10416667 0.14583333 0.1875    ]
 [0.125      0.02083333 0.10416667 0.125      0.04166667 0.125
  0.14583333 0.16666667 0.14583333]
 [0.08196721 0.1147541  0.13114754 0.1147541  0.08196721 0.1147541
  0.1147541  0.13114754 0.1147541 ]
 [0.19512195 0.07317073 0.12195122 0.07317073 0.02439024 0.04878049
  0.2195122  0.02439024 0.2195122 ]
 [0.03636364 0.07272727 0.14545455 0.10909091 0.03636364 0.16363636
  0.16363636 0.10909091 0.16363636]
 [0.07142857 0.14285714 0.10714286 0.03571429 0.21428571 0.03571429
  0.03571429 0.14285714 0.21428571]
 [0.12820513 0.20512821 0.02564103 0.23076923 0.17948718 0.02564103
  0.02564103 0.02564103 0.15384615]]
Markov_Transistion_Chain [[0.15789474 0.02631579 0.02631579 0.23684211 0.23684211 0.18421053
  0.05263158 0.02631579 0.05263158]
 [0.11111111 0.15555556 0.13333333 0.17777778 0.02222222 0.11111111
  0.11111111 0.15555556 0.02222222]
 [0.09756098 0.02439024 0.2195122  0.09756098 0.07317073 0.2195122
  0.12195122 0.07317073 0.07317073]
 [0.13114754 0.13114754 0.1147541  0.03278689 0.14754098 0.08196721
  0.08196721 0.14754098 0.13114754]
 [0.08571429 0.11428571 0.08571429 0.08571429 0.11428571 0.2
  0.02857143 0.25714286 0.02857143]
 [0.05882353 0.11764706 0.17647059 0.07843137 0.17647059 0.17647059
  0.05882353 0.1372549  0.01960784]
 [0.05555556 0.11111111 0.08333333 0.08333333 0.13888889 0.13888889
  0.11111111 0.11111111 0.16666667]
 [0.28125    0.0625     0.09375    0.03125    0.0625     0.0625
  0.25       0.125      0.03125   ]
 [0.1875     0.02083333 0.16666667 0.125      0.10416667 0.1875
  0.02083333 0.14583333 0.04166667]]
Markov_Transistion_Chain [[0.10869565 0.02173913 0.17391304 0.10869565 0.13043478 0.19565217
  0.02173913 0.10869565 0.13043478]
 [0.2195122  0.09756098 0.04878049 0.14634146 0.02439024 0.19512195
  0.04878049 0.17073171 0.04878049]
 [0.04347826 0.06521739 0.19565217 0.15217391 0.19565217 0.08695652
  0.08695652 0.13043478 0.04347826]
 [0.19148936 0.08510638 0.0212766  0.10638298 0.04255319 0.14893617
  0.14893617 0.17021277 0.08510638]
 [0.06666667 0.11111111 0.02222222 0.08888889 0.13333333 0.2
  0.15555556 0.2        0.02222222]
 [0.09302326 0.04651163 0.18604651 0.13953488 0.04651163 0.11627907
  0.20930233 0.09302326 0.06976744]
 [0.04918033 0.1147541  0.14754098 0.13114754 0.1147541  0.08196721
  0.13114754 0.08196721 0.14754098]
 [0.11320755 0.13207547 0.0754717  0.13207547 0.0754717  0.01886792
  0.11320755 0.16981132 0.16981132]
 [0.16326531 0.16326531 0.12244898 0.08163265 0.16326531 0.12244898
  0.06122449 0.02040816 0.10204082]]
Markov_Transistion_Chain [[0.17391304 0.04347826 0.15217391 0.13043478 0.06521739 0.06521739
  0.08695652 0.10869565 0.17391304]
 [0.13636364 0.04545455 0.15909091 0.11363636 0.18181818 0.09090909
  0.02272727 0.11363636 0.13636364]
 [0.07142857 0.11904762 0.19047619 0.19047619 0.14285714 0.02380952
  0.0952381  0.04761905 0.11904762]
 [0.09090909 0.02272727 0.20454545 0.13636364 0.02272727 0.11363636
  0.15909091 0.11363636 0.13636364]
 [0.14285714 0.19047619 0.04761905 0.11904762 0.14285714 0.0952381
  0.02380952 0.16666667 0.07142857]
 [0.14285714 0.10204082 0.10204082 0.08163265 0.18367347 0.12244898
  0.10204082 0.14285714 0.02040816]
 [0.125      0.05       0.15       0.05       0.025      0.15
  0.1        0.125      0.225     ]
 [0.11111111 0.04444444 0.06666667 0.2        0.02222222 0.08888889
  0.15555556 0.2        0.11111111]
 [0.04444444 0.08888889 0.17777778 0.04444444 0.06666667 0.2
  0.04444444 0.13333333 0.2       ]]
Markov_Transistion_Chain [[0.05263158 0.07894737 0.13157895 0.02631579 0.07894737 0.15789474
  0.02631579 0.23684211 0.21052632]
 [0.16981132 0.01886792 0.09433962 0.16981132 0.0754717  0.0754717
  0.16981132 0.0754717  0.1509434 ]
 [0.07843137 0.01960784 0.1372549  0.09803922 0.17647059 0.15686275
  0.1372549  0.1372549  0.05882353]
 [0.04081633 0.14285714 0.12244898 0.04081633 0.16326531 0.16326531
  0.16326531 0.06122449 0.10204082]
 [0.125      0.125      0.16666667 0.02083333 0.14583333 0.10416667
  0.14583333 0.02083333 0.14583333]
 [0.13953488 0.02325581 0.20930233 0.02325581 0.06976744 0.13953488
  0.13953488 0.18604651 0.06976744]
 [0.09433962 0.16981132 0.09433962 0.11320755 0.13207547 0.09433962
  0.01886792 0.16981132 0.11320755]
 [0.06976744 0.1627907  0.02325581 0.11627907 0.04651163 0.09302326
  0.06976744 0.20930233 0.20930233]
 [0.08823529 0.02941176 0.05882353 0.11764706 0.02941176 0.26470588
  0.11764706 0.02941176 0.26470588]]
Markov_Transistion_Chain [[0.10416667 0.125      0.0625     0.125      0.02083333 0.14583333
  0.16666667 0.0625     0.1875    ]
 [0.17391304 0.04347826 0.15217391 0.15217391 0.08695652 0.02173913
  0.19565217 0.13043478 0.04347826]
 [0.07142857 0.0952381  0.04761905 0.14285714 0.0952381  0.21428571
  0.19047619 0.02380952 0.11904762]
 [0.15384615 0.15384615 0.20512821 0.20512821 0.02564103 0.07692308
  0.1025641  0.02564103 0.05128205]
 [0.04081633 0.06122449 0.12244898 0.10204082 0.18367347 0.10204082
  0.08163265 0.18367347 0.12244898]
 [0.175      0.075      0.075      0.025      0.2        0.225
  0.125      0.05       0.05      ]
 [0.11290323 0.12903226 0.14516129 0.08064516 0.14516129 0.11290323
  0.01612903 0.14516129 0.11290323]
 [0.07692308 0.15384615 0.05769231 0.01923077 0.17307692 0.09615385
  0.07692308 0.17307692 0.17307692]
 [0.09302326 0.18604651 0.11627907 0.1627907  0.06976744 0.04651163
  0.13953488 0.11627907 0.06976744]]
Markov_Transistion_Chain [[0.04081633 0.12244898 0.06122449 0.06122449 0.16326531 0.18367347
  0.16326531 0.16326531 0.04081633]
 [0.05660377 0.16981132 0.09433962 0.1509434  0.16981132 0.09433962
  0.01886792 0.11320755 0.13207547]
 [0.09433962 0.11320755 0.0754717  0.05660377 0.1509434  0.0754717
  0.11320755 0.1509434  0.16981132]
 [0.1875     0.16666667 0.125      0.02083333 0.10416667 0.125
  0.0625     0.0625     0.14583333]
 [0.21052632 0.10526316 0.05263158 0.05263158 0.18421053 0.02631579
  0.13157895 0.18421053 0.05263158]
 [0.14814815 0.14814815 0.09259259 0.11111111 0.09259259 0.09259259
  0.05555556 0.11111111 0.14814815]
 [0.06666667 0.02222222 0.13333333 0.17777778 0.08888889 0.13333333
  0.13333333 0.15555556 0.08888889]
 [0.16326531 0.04081633 0.02040816 0.18367347 0.12244898 0.10204082
  0.14285714 0.14285714 0.08163265]
 [0.13207547 0.0754717  0.05660377 0.11320755 0.16981132 0.0754717
  0.1509434  0.13207547 0.09433962]]
Markov_Transistion_Chain [[0.13953488 0.20930233 0.04651163 0.20930233 0.13953488 0.06976744
  0.02325581 0.09302326 0.06976744]
 [0.14285714 0.16666667 0.02380952 0.21428571 0.02380952 0.02380952
  0.07142857 0.21428571 0.11904762]
 [0.05660377 0.16981132 0.03773585 0.16981132 0.05660377 0.09433962
  0.1509434  0.16981132 0.09433962]
 [0.10869565 0.15217391 0.15217391 0.15217391 0.06521739 0.02173913
  0.06521739 0.19565217 0.08695652]
 [0.12307692 0.13846154 0.07692308 0.12307692 0.13846154 0.12307692
  0.10769231 0.04615385 0.12307692]
 [0.10526316 0.13157895 0.18421053 0.05263158 0.18421053 0.23684211
  0.02631579 0.05263158 0.02631579]
 [0.02325581 0.1627907  0.09302326 0.11627907 0.02325581 0.04651163
  0.13953488 0.18604651 0.20930233]
 [0.06122449 0.18367347 0.16326531 0.10204082 0.18367347 0.02040816
  0.16326531 0.06122449 0.06122449]
 [0.12195122 0.19512195 0.09756098 0.09756098 0.14634146 0.04878049
  0.09756098 0.09756098 0.09756098]]
Markov_Transistion_Chain [[0.12765957 0.12765957 0.12765957 0.14893617 0.10638298 0.06382979
  0.12765957 0.14893617 0.0212766 ]
 [0.08333333 0.11111111 0.02777778 0.05555556 0.16666667 0.13888889
  0.25       0.13888889 0.02777778]
 [0.0952381  0.04761905 0.19047619 0.0952381  0.14285714 0.19047619
  0.02380952 0.07142857 0.14285714]
 [0.14285714 0.02040816 0.12244898 0.14285714 0.18367347 0.12244898
  0.16326531 0.02040816 0.08163265]
 [0.14285714 0.02380952 0.21428571 0.02380952 0.11904762 0.11904762
  0.19047619 0.07142857 0.0952381 ]
 [0.15384615 0.03846154 0.03846154 0.13461538 0.09615385 0.07692308
  0.15384615 0.17307692 0.13461538]
 [0.0877193  0.15789474 0.07017544 0.07017544 0.14035088 0.10526316
  0.07017544 0.15789474 0.14035088]
 [0.04761905 0.19047619 0.11904762 0.02380952 0.02380952 0.21428571
  0.02380952 0.19047619 0.16666667]
 [0.06060606 0.09090909 0.18181818 0.03030303 0.09090909 0.18181818
  0.12121212 0.06060606 0.18181818]]
Markov_Transistion_Chain [[0.10204082 0.02040816 0.16326531 0.14285714 0.08163265 0.18367347
  0.12244898 0.16326531 0.02040816]
 [0.03773585 0.16981132 0.03773585 0.1509434  0.16981132 0.0754717
  0.1509434  0.13207547 0.0754717 ]
 [0.02083333 0.0625     0.14583333 0.125      0.1875     0.0625
  0.14583333 0.16666667 0.08333333]
 [0.14814815 0.11111111 0.05555556 0.11111111 0.12962963 0.14814815
  0.16666667 0.11111111 0.01851852]
 [0.17021277 0.14893617 0.14893617 0.08510638 0.12765957 0.06382979
  0.10638298 0.12765957 0.0212766 ]
 [0.04545455 0.06818182 0.11363636 0.13636364 0.18181818 0.09090909
  0.04545455 0.15909091 0.15909091]
 [0.10344828 0.06896552 0.13793103 0.10344828 0.17241379 0.06896552
  0.24137931 0.06896552 0.03448276]
 [0.05769231 0.07692308 0.09615385 0.17307692 0.17307692 0.03846154
  0.05769231 0.15384615 0.17307692]
 [0.02564103 0.02564103 0.15384615 0.07692308 0.07692308 0.15384615
  0.1025641  0.15384615 0.23076923]]
Markov_Transistion_Chain [[0.16326531 0.14285714 0.14285714 0.08163265 0.02040816 0.12244898
  0.10204082 0.14285714 0.08163265]
 [0.08888889 0.08888889 0.06666667 0.04444444 0.11111111 0.17777778
  0.13333333 0.11111111 0.17777778]
 [0.18       0.16       0.02       0.06       0.06       0.1
  0.06       0.18       0.18      ]
 [0.16326531 0.14285714 0.06122449 0.04081633 0.04081633 0.10204082
  0.12244898 0.18367347 0.14285714]
 [0.16071429 0.125      0.125      0.01785714 0.08928571 0.14285714
  0.125      0.10714286 0.10714286]
 [0.22222222 0.22222222 0.08333333 0.19444444 0.05555556 0.05555556
  0.02777778 0.05555556 0.08333333]
 [0.11111111 0.15555556 0.02222222 0.11111111 0.15555556 0.06666667
  0.2        0.11111111 0.06666667]
 [0.15217391 0.10869565 0.15217391 0.08695652 0.10869565 0.17391304
  0.10869565 0.04347826 0.06521739]
 [0.15625    0.03125    0.03125    0.03125    0.03125    0.03125
  0.28125    0.125      0.28125   ]]
Markov_Transistion_Chain [[0.04444444 0.2        0.06666667 0.13333333 0.08888889 0.11111111
  0.2        0.06666667 0.08888889]
 [0.20930233 0.09302326 0.02325581 0.09302326 0.06976744 0.06976744
  0.11627907 0.18604651 0.13953488]
 [0.125      0.03125    0.09375    0.09375    0.15625    0.15625
  0.25       0.03125    0.0625    ]
 [0.09615385 0.11538462 0.09615385 0.05769231 0.05769231 0.15384615
  0.13461538 0.15384615 0.13461538]
 [0.1        0.14       0.18       0.08       0.12       0.16
  0.08       0.08       0.06      ]
 [0.14035088 0.05263158 0.07017544 0.12280702 0.05263158 0.14035088
  0.15789474 0.15789474 0.10526316]
 [0.17647059 0.11764706 0.11764706 0.05882353 0.14705882 0.14705882
  0.02941176 0.05882353 0.14705882]
 [0.02272727 0.18181818 0.11363636 0.15909091 0.11363636 0.04545455
  0.15909091 0.13636364 0.06818182]
 [0.06521739 0.06521739 0.06521739 0.04347826 0.15217391 0.19565217
  0.19565217 0.15217391 0.06521739]]
Markov_Transistion_Chain [[0.02380952 0.0952381  0.19047619 0.16666667 0.19047619 0.04761905
  0.0952381  0.07142857 0.11904762]
 [0.14583333 0.125      0.1875     0.125      0.04166667 0.02083333
  0.10416667 0.08333333 0.16666667]
 [0.04166667 0.14583333 0.125      0.1875     0.1875     0.14583333
  0.08333333 0.02083333 0.0625    ]
 [0.07317073 0.02439024 0.2195122  0.2195122  0.07317073 0.09756098
  0.07317073 0.09756098 0.12195122]
 [0.01886792 0.13207547 0.11320755 0.16981132 0.11320755 0.09433962
  0.09433962 0.13207547 0.13207547]
 [0.08163265 0.10204082 0.06122449 0.18367347 0.16326531 0.06122449
  0.14285714 0.16326531 0.04081633]
 [0.04651163 0.11627907 0.1627907  0.13953488 0.13953488 0.04651163
  0.11627907 0.04651163 0.18604651]
 [0.03125    0.1875     0.03125    0.15625    0.0625     0.09375
  0.28125    0.03125    0.125     ]
 [0.20454545 0.06818182 0.06818182 0.11363636 0.04545455 0.13636364
  0.11363636 0.20454545 0.04545455]]
Markov_Transistion_Chain [[0.08333333 0.13333333 0.1        0.03333333 0.11666667 0.11666667
  0.13333333 0.15       0.13333333]
 [0.10526316 0.0877193  0.01754386 0.15789474 0.14035088 0.03508772
  0.15789474 0.14035088 0.15789474]
 [0.08333333 0.25       0.02777778 0.16666667 0.02777778 0.11111111
  0.22222222 0.02777778 0.08333333]
 [0.11904762 0.19047619 0.11904762 0.02380952 0.02380952 0.21428571
  0.0952381  0.16666667 0.04761905]
 [0.05       0.125      0.15       0.1        0.225      0.075
  0.025      0.225      0.025     ]
 [0.12244898 0.14285714 0.10204082 0.04081633 0.10204082 0.18367347
  0.04081633 0.12244898 0.14285714]
 [0.1025641  0.17948718 0.17948718 0.02564103 0.17948718 0.02564103
  0.07692308 0.1025641  0.12820513]
 [0.19512195 0.14634146 0.07317073 0.02439024 0.07317073 0.12195122
  0.12195122 0.09756098 0.14634146]
 [0.08888889 0.08888889 0.13333333 0.08888889 0.08888889 0.13333333
  0.04444444 0.17777778 0.15555556]]
Markov_Transistion_Chain [[0.16666667 0.02083333 0.125      0.125      0.125      0.125
  0.10416667 0.02083333 0.1875    ]
 [0.18421053 0.10526316 0.13157895 0.10526316 0.13157895 0.02631579
  0.13157895 0.10526316 0.07894737]
 [0.11111111 0.01851852 0.07407407 0.16666667 0.12962963 0.14814815
  0.16666667 0.07407407 0.11111111]
 [0.02941176 0.23529412 0.08823529 0.11764706 0.14705882 0.20588235
  0.05882353 0.08823529 0.02941176]
 [0.15555556 0.02222222 0.2        0.08888889 0.08888889 0.11111111
  0.13333333 0.02222222 0.17777778]
 [0.08888889 0.15555556 0.11111111 0.04444444 0.15555556 0.11111111
  0.2        0.11111111 0.02222222]
 [0.14       0.06       0.12       0.18       0.06       0.08
  0.1        0.18       0.08      ]
 [0.09302326 0.06976744 0.04651163 0.11627907 0.13953488 0.13953488
  0.02325581 0.1627907  0.20930233]
 [0.13636364 0.15909091 0.15909091 0.02272727 0.04545455 0.09090909
  0.18181818 0.06818182 0.13636364]]
Markov_Transistion_Chain [[0.01886792 0.11320755 0.11320755 0.16981132 0.13207547 0.1509434
  0.16981132 0.11320755 0.01886792]
 [0.15       0.125      0.175      0.05       0.05       0.1
  0.05       0.075      0.225     ]
 [0.14634146 0.14634146 0.09756098 0.07317073 0.02439024 0.17073171
  0.12195122 0.09756098 0.12195122]
 [0.09375    0.125      0.0625     0.03125    0.1875     0.09375
  0.21875    0.03125    0.15625   ]
 [0.28125    0.0625     0.0625     0.03125    0.0625     0.125
  0.1875     0.125      0.0625    ]
 [0.14545455 0.12727273 0.14545455 0.14545455 0.05454545 0.14545455
  0.05454545 0.07272727 0.10909091]
 [0.08333333 0.16666667 0.1875     0.0625     0.0625     0.02083333
  0.08333333 0.16666667 0.16666667]
 [0.06896552 0.12068966 0.0862069  0.06896552 0.12068966 0.13793103
  0.12068966 0.13793103 0.13793103]
 [0.07692308 0.03846154 0.07692308 0.15384615 0.03846154 0.07692308
  0.34615385 0.03846154 0.15384615]]
Markov_Transistion_Chain [[0.15384615 0.20512821 0.15384615 0.02564103 0.20512821 0.02564103
  0.05128205 0.1025641  0.07692308]
 [0.1875     0.10416667 0.16666667 0.10416667 0.10416667 0.0625
  0.10416667 0.02083333 0.14583333]
 [0.14285714 0.07142857 0.02380952 0.07142857 0.11904762 0.0952381
  0.14285714 0.19047619 0.14285714]
 [0.16363636 0.16363636 0.12727273 0.01818182 0.14545455 0.12727273
  0.03636364 0.14545455 0.07272727]
 [0.17307692 0.09615385 0.17307692 0.05769231 0.11538462 0.03846154
  0.11538462 0.17307692 0.05769231]
 [0.0212766  0.17021277 0.08510638 0.06382979 0.04255319 0.12765957
  0.17021277 0.17021277 0.14893617]
 [0.14583333 0.08333333 0.14583333 0.14583333 0.04166667 0.10416667
  0.16666667 0.125      0.04166667]
 [0.06122449 0.08163265 0.08163265 0.18367347 0.18367347 0.12244898
  0.14285714 0.04081633 0.10204082]
 [0.0625     0.10416667 0.04166667 0.10416667 0.02083333 0.1875
  0.16666667 0.1875     0.125     ]]
Markov_Transistion_Chain [[0.10869565 0.04347826 0.13043478 0.10869565 0.08695652 0.08695652
  0.17391304 0.06521739 0.19565217]
 [0.02564103 0.15384615 0.1025641  0.12820513 0.07692308 0.20512821
  0.23076923 0.05128205 0.02564103]
 [0.11111111 0.14814815 0.12962963 0.11111111 0.16666667 0.11111111
  0.03703704 0.07407407 0.11111111]
 [0.0212766  0.10638298 0.08510638 0.04255319 0.17021277 0.14893617
  0.17021277 0.08510638 0.17021277]
 [0.06       0.14       0.14       0.16       0.08       0.08
  0.14       0.02       0.18      ]
 [0.1        0.15       0.03333333 0.08333333 0.08333333 0.15
  0.13333333 0.13333333 0.13333333]
 [0.17777778 0.17777778 0.04444444 0.08888889 0.11111111 0.08888889
  0.11111111 0.17777778 0.02222222]
 [0.06666667 0.17777778 0.11111111 0.15555556 0.2        0.02222222
  0.02222222 0.06666667 0.17777778]
 [0.13636364 0.09090909 0.13636364 0.02272727 0.13636364 0.04545455
  0.09090909 0.18181818 0.15909091]]
Markov_Transistion_Chain [[0.03773585 0.16981132 0.16981132 0.09433962 0.03773585 0.1509434
  0.11320755 0.16981132 0.05660377]
 [0.13636364 0.04545455 0.04545455 0.20454545 0.18181818 0.06818182
  0.15909091 0.02272727 0.13636364]
 [0.05882353 0.05882353 0.08823529 0.11764706 0.17647059 0.08823529
  0.08823529 0.05882353 0.26470588]
 [0.06976744 0.1627907  0.11627907 0.11627907 0.1627907  0.06976744
  0.11627907 0.06976744 0.11627907]
 [0.08108108 0.24324324 0.21621622 0.02702703 0.08108108 0.16216216
  0.13513514 0.02702703 0.02702703]
 [0.13888889 0.22222222 0.16666667 0.05555556 0.25       0.02777778
  0.08333333 0.02777778 0.02777778]
 [0.17142857 0.02857143 0.02857143 0.11428571 0.25714286 0.17142857
  0.08571429 0.11428571 0.02857143]
 [0.1        0.02       0.02       0.16       0.18       0.1
  0.12       0.18       0.12      ]
 [0.16363636 0.03636364 0.16363636 0.14545455 0.05454545 0.16363636
  0.10909091 0.09090909 0.07272727]]
Markov_Transistion_Chain [[0.16071429 0.07142857 0.10714286 0.10714286 0.07142857 0.14285714
  0.07142857 0.16071429 0.10714286]
 [0.11111111 0.08333333 0.02777778 0.16666667 0.08333333 0.16666667
  0.08333333 0.05555556 0.22222222]
 [0.07017544 0.0877193  0.0877193  0.10526316 0.15789474 0.15789474
  0.12280702 0.12280702 0.0877193 ]
 [0.04347826 0.06521739 0.08695652 0.04347826 0.15217391 0.17391304
  0.08695652 0.17391304 0.17391304]
 [0.17777778 0.02222222 0.17777778 0.06666667 0.08888889 0.17777778
  0.06666667 0.08888889 0.13333333]
 [0.09302326 0.09302326 0.13953488 0.11627907 0.11627907 0.04651163
  0.1627907  0.13953488 0.09302326]
 [0.11111111 0.11111111 0.05555556 0.08333333 0.25       0.19444444
  0.08333333 0.02777778 0.08333333]
 [0.02564103 0.15384615 0.07692308 0.12820513 0.1025641  0.23076923
  0.1025641  0.15384615 0.02564103]
 [0.12121212 0.13636364 0.13636364 0.12121212 0.07575758 0.10606061
  0.13636364 0.10606061 0.06060606]]
Markov_Transistion_Chain [[0.1        0.12       0.1        0.14       0.18       0.06
  0.08       0.12       0.1       ]
 [0.18181818 0.06818182 0.18181818 0.11363636 0.04545455 0.13636364
  0.11363636 0.11363636 0.04545455]
 [0.02439024 0.09756098 0.14634146 0.04878049 0.04878049 0.12195122
  0.2195122  0.07317073 0.2195122 ]
 [0.05660377 0.13207547 0.1509434  0.1509434  0.01886792 0.09433962
  0.1509434  0.0754717  0.16981132]
 [0.125      0.075      0.125      0.05       0.175      0.025
  0.15       0.2        0.075     ]
 [0.0877193  0.12280702 0.03508772 0.14035088 0.15789474 0.05263158
  0.10526316 0.15789474 0.14035088]
 [0.05555556 0.02777778 0.16666667 0.13888889 0.13888889 0.11111111
  0.25       0.05555556 0.05555556]
 [0.03333333 0.26666667 0.06666667 0.1        0.26666667 0.03333333
  0.1        0.06666667 0.06666667]
 [0.09090909 0.02272727 0.18181818 0.18181818 0.02272727 0.20454545
  0.06818182 0.18181818 0.04545455]]
Markov_Transistion_Chain [[0.125      0.15       0.025      0.175      0.125      0.05
  0.05       0.125      0.175     ]
 [0.15       0.15       0.13333333 0.11666667 0.13333333 0.11666667
  0.03333333 0.11666667 0.05      ]
 [0.09090909 0.14545455 0.05454545 0.14545455 0.14545455 0.16363636
  0.09090909 0.05454545 0.10909091]
 [0.07894737 0.02631579 0.13157895 0.02631579 0.18421053 0.23684211
  0.05263158 0.02631579 0.23684211]
 [0.16981132 0.13207547 0.16981132 0.01886792 0.05660377 0.13207547
  0.11320755 0.0754717  0.13207547]
 [0.24324324 0.18918919 0.13513514 0.16216216 0.05405405 0.05405405
  0.02702703 0.10810811 0.02702703]
 [0.1025641  0.07692308 0.1025641  0.07692308 0.20512821 0.20512821
  0.05128205 0.15384615 0.02564103]
 [0.12903226 0.12903226 0.12903226 0.14516129 0.14516129 0.12903226
  0.0483871  0.01612903 0.12903226]
 [0.12820513 0.1025641  0.12820513 0.02564103 0.07692308 0.1025641
  0.23076923 0.07692308 0.12820513]]
Markov_Transistion_Chain [[0.04166667 0.14583333 0.1875     0.02083333 0.16666667 0.14583333
  0.0625     0.14583333 0.08333333]
 [0.06976744 0.04651163 0.11627907 0.13953488 0.18604651 0.02325581
  0.09302326 0.20930233 0.11627907]
 [0.2        0.04       0.12       0.2        0.04       0.04
  0.12       0.2        0.04      ]
 [0.06666667 0.02222222 0.15555556 0.02222222 0.2        0.17777778
  0.02222222 0.15555556 0.17777778]
 [0.13333333 0.2        0.04444444 0.08888889 0.02222222 0.13333333
  0.02222222 0.15555556 0.2       ]
 [0.04545455 0.09090909 0.13636364 0.18181818 0.06818182 0.20454545
  0.09090909 0.06818182 0.11363636]
 [0.17142857 0.2        0.08571429 0.11428571 0.11428571 0.02857143
  0.08571429 0.05714286 0.14285714]
 [0.19047619 0.02380952 0.07142857 0.04761905 0.11904762 0.07142857
  0.0952381  0.16666667 0.21428571]
 [0.1875     0.16666667 0.10416667 0.0625     0.02083333 0.14583333
  0.04166667 0.125      0.14583333]]
Markov_Transistion_Chain [[0.05555556 0.05555556 0.22222222 0.05555556 0.16666667 0.05555556
  0.13888889 0.16666667 0.08333333]
 [0.08163265 0.18367347 0.08163265 0.14285714 0.04081633 0.16326531
  0.14285714 0.08163265 0.08163265]
 [0.12727273 0.01818182 0.12727273 0.12727273 0.16363636 0.12727273
  0.14545455 0.14545455 0.01818182]
 [0.02564103 0.02564103 0.05128205 0.15384615 0.20512821 0.15384615
  0.17948718 0.12820513 0.07692308]
 [0.03636364 0.09090909 0.14545455 0.14545455 0.05454545 0.14545455
  0.16363636 0.14545455 0.07272727]
 [0.12820513 0.02564103 0.17948718 0.17948718 0.05128205 0.20512821
  0.07692308 0.12820513 0.02564103]
 [0.12       0.14       0.18       0.12       0.16       0.02
  0.08       0.04       0.14      ]
